C:\ProgramData\Anaconda3\envs\pythonProject\python.exe C:/Users/admin/PycharmProjects/pythonProject/AITrainCamp/RandomForest/LendingClub_RandomForest2.py
C:/Users/admin/PycharmProjects/pythonProject/tools/all_3.csv
        loan_amnt  funded_amnt  term  installment  grade  sub_grade  annual_inc
0           17200        17200     2       404.60      3         34     73000.0
1            4800         4800     1       162.87      3         32    111000.0
2            9000         9000     1       307.56      3         33    125000.0
3            1500         1500     1        55.74      4         44     32000.0
4           20000        20000     1       632.19      1         15    210000.0
...           ...          ...   ...          ...    ...        ...         ...
982727      12000        12000     1       398.46      2         25     60000.0
982728       3000         3000     1       112.09      4         44     72000.0
982729      14000        14000     1       492.27      3         35     52874.0
982730       7500         7500     1       245.19      2         24    126000.0
982731      35000        35000     1      1065.88      1         12    110000.0

[982732 rows x 7 columns]
<class 'pandas.core.frame.DataFrame'>
<class 'numpy.ndarray'>
x= [[1.7200e+04 1.7200e+04 2.0000e+00 ... 3.0000e+00 3.4000e+01 7.3000e+04]
 [4.8000e+03 4.8000e+03 1.0000e+00 ... 3.0000e+00 3.2000e+01 1.1100e+05]
 [9.0000e+03 9.0000e+03 1.0000e+00 ... 3.0000e+00 3.3000e+01 1.2500e+05]
 ...
 [1.4000e+04 1.4000e+04 1.0000e+00 ... 3.0000e+00 3.5000e+01 5.2874e+04]
 [7.5000e+03 7.5000e+03 1.0000e+00 ... 2.0000e+00 2.4000e+01 1.2600e+05]
 [3.5000e+04 3.5000e+04 1.0000e+00 ... 1.0000e+00 1.2000e+01 1.1000e+05]]
y= [[0.]
 [0.]
 [0.]
 ...
 [0.]
 [0.]
 [0.]]
scoresR= -0.26892569445181636
clfr.feature_importances_= [0.08383731 0.07996707 0.0009662  0.34669355 0.00492813 0.04357371
 0.44003403]
answer= [0. 0. 0. ... 0. 0. 0.]
x_test= [[2.16000e+04 2.16000e+04 1.00000e+00 ... 2.00000e+00 2.30000e+01
  6.20000e+04]
 [1.00000e+04 1.00000e+04 1.00000e+00 ... 2.00000e+00 2.20000e+01
  8.00000e+04]
 [1.10000e+04 1.10000e+04 1.00000e+00 ... 2.00000e+00 2.10000e+01
  1.08435e+05]
 ...
 [1.98000e+04 1.98000e+04 2.00000e+00 ... 3.00000e+00 3.50000e+01
  7.20000e+04]
 [2.00000e+04 2.00000e+04 2.00000e+00 ... 2.00000e+00 2.40000e+01
  6.00000e+04]
 [2.00000e+04 2.00000e+04 2.00000e+00 ... 5.00000e+00 5.50000e+01
  5.61600e+04]]
y_test= [[0.]
 [0.]
 [0.]
 ...
 [0.]
 [0.]
 [0.]]
np.mean( answer == y_test)= 0.9574887708129316
AUC - ROC :  0.009745694670617873

Process finished with exit code 0
